0.00001000
0.00001716
0.00002643
0.00003814
0.00005261
0.00007017
0.00009118
0.00011598
0.00014490
0.00017828
0.00021645
0.00025970
0.00030831
0.00036254
0.00042258
0.00048863
0.00056080
0.00063918
0.00072379
0.00081460
0.00091152
0.00101438
0.00112297
0.00123700
0.00135610
0.00147986
0.00160777
0.00173930
0.00187383
0.00201068
0.00214915
0.00228845
0.00242779
0.00256632
0.00270319
0.00283752
0.00296841
0.00309498
0.00321635
0.00333167
0.00344010
0.00354085
0.00363318
0.00371640
0.00378986
0.00385302
0.00390538
0.00394653
0.00397616
0.00399403
0.00400000
0.00399403
0.00397616
0.00394653
0.00390538
0.00385302
0.00378986
0.00371640
0.00363318
0.00354085
0.00344010
0.00333167
0.00321635
0.00309498
0.00296841
0.00283752
0.00270319
0.00256632
0.00242779
0.00228845
0.00214915
0.00201068
0.00187383
0.00173930
0.00160777
0.00147986
0.00135610
0.00123700
0.00112297
0.00101438
0.00091152
0.00081460
0.00072379
0.00063918
0.00056080
0.00048863
0.00042258
0.00036254
0.00030831
0.00025970
0.00021645
0.00017828
0.00014490
0.00011598
0.00009118
0.00007017
0.00005261
0.00003814
0.00002643
0.00001716
0.00001000
